1411210334	0.67	0.12000000000000455	0.0
1411210337	0.62	0.25	0.0
1411210340	0.62	6.75	0.0
1411210343	0.57	12.5	0.0
1411210346	0.57	100.0	0.0
1411210349	1.0	99.75	456.0
1411210352	1.56	99.75	0.0
1411210355	1.56	99.75	2129.0
1411210358	2.16	99.63	2159.0
1411210361	2.16	99.75	0.0
1411210364	2.63	99.5	8.0
1411210367	3.06	99.88	0.0
1411210370	3.06	99.5	0.0
1411210373	3.45	99.88	0.0
1411210376	3.45	99.62	0.0
1411210379	3.82	99.5	0.0
1411210382	4.15	99.75	0.0
1411210385	4.15	99.75	2211.0
1411210388	4.54	99.63	2164.0
1411210391	4.54	99.62	0.0
1411210394	4.82	99.62	1551.0
1411210397	5.15	99.5	1914.0
1411210400	5.15	99.62	1999.0
1411210403	5.46	99.75	0.0
1411210406	5.46	99.75	883.0
1411210409	5.66	99.75	2124.0
1411210412	5.93	99.75	1865.0
1411210415	5.93	99.75	10.0
1411210418	6.1	99.63	2269.0
1411210421	6.1	99.38	2355.0
1411210424	6.33	99.75	25.0
1411210427	6.46	99.75	0.0
1411210430	6.46	99.5	2253.0
1411210433	6.67	99.75	2238.0
1411210436	6.67	99.62	0.0
1411210439	6.77	99.62	55.0
1411210442	6.95	99.63	2303.0
1411210445	6.95	99.75	2221.0
1411210448	7.12	99.63	0.0
1411210451	7.12	99.62	1769.0
1411210454	7.19	99.62	2050.0
1411210457	7.33	99.5	867.0
1411210460	7.33	99.63	9.0
1411210463	7.38	99.88	2182.0
1411210466	7.38	99.75	2130.0
1411210469	7.51	99.63	1343.0
1411210472	7.55	99.75	0.0
1411210475	7.55	99.62	2351.0
1411210478	7.67	99.75	2113.0
1411210481	7.67	99.63	0.0
1411210484	7.78	99.63	0.0
1411210487	7.79	99.13	2184.0
1411210490	7.79	99.63	2257.0
1411210493	7.89	99.75	0.0
1411210496	7.89	99.5	327.0
1411210499	7.9	99.88	2090.0
1411210502	7.99	99.75	2070.0
1411210505	7.99	99.75	0.0
1411210508	7.99	99.62	58.0
1411210511	7.99	99.63	2019.0
1411210514	8.07	99.88	2167.0
1411210517	8.14	99.75	0.0
1411210520	8.14	99.5	1692.0
1411210523	8.13	99.63	2162.0
1411210526	8.2	99.62	385.0
1411210529	8.2	99.63	0.0
1411210532	8.19	99.38	2349.0
1411210535	8.19	99.63	2120.0
1411210538	8.25	99.62	0.0
1411210541	8.23	99.63	10.0
1411210544	8.23	99.75	2315.0
1411210547	8.29	99.38	2097.0
1411210550	8.29	99.5	85.0
1411210553	8.27	99.62	105.0
1411210556	8.33	99.62	2545.0
1411210559	8.33	99.87	2248.0
1411210562	8.38	99.75	142.0
1411210565	8.38	99.75	794.0
1411210568	8.35	99.75	2647.0
1411210571	8.4	99.5	2025.0
1411210574	8.4	99.62	500.0
1411210577	8.37	99.63	1551.0
1411210580	8.37	99.62	2465.0
1411210583	8.42	99.5	2108.0
1411210586	8.39	99.62	728.0
1411210589	8.39	98.5	2045.0
1411210592	8.36	94.38	2076.0
1411210595	8.36	94.38	0.0
1411210598	8.33	94.11	0.0
1411210601	8.38	93.75	2190.0
1411210604	8.38	95.12	1673.0
1411210607	8.43	93.38	22.0
1411210610	8.43	94.62	2110.0
1411210613	8.72	88.51	2010.0
1411210616	8.98	92.25	0.0
1411210619	8.98	93.75	207.0
1411210622	8.74	93.49	2150.0
1411210625	8.74	95.62	996.0
1411210628	8.84	93.62	0.0
1411210631	8.77	94.62	2101.0
1411210634	8.77	93.75	759.0
1411210637	8.79	93.15	35.0
1411210640	8.79	94.01	2217.0
1411210643	8.81	90.99	0.0
1411210646	8.9	94.38	0.0
1411210649	8.9	95.01	2122.0
1411210652	9.15	95.49	39.0
1411210655	9.15	94.12	0.0
1411210658	8.98	92.88	2097.0
1411210661	9.22	93.98	0.0
1411210664	9.22	93.12	0.0
1411210667	9.04	52.57	2044.0
1411210670	9.04	22.72	0.0
1411210673	8.4	12.980000000000004	0.0
1411210676	7.89	25.03	1926.0
1411210679	7.89	25.120000000000005	326.0
1411210682	7.34	12.519999999999996	34.0
1411210685	7.34	24.159999999999997	2020.0
1411210688	6.91	27.120000000000005	0.0
1411210691	6.43	12.75	0.0
1411210694	6.43	25.03	2324.0
1411210697	6.08	16.730000000000004	41.0
1411210700	6.08	12.64	0.0
1411210703	5.67	12.879999999999995	0.0
1411210706	5.3	12.620000000000005	97.0
1411210709	5.3	12.61	0.0
1411210712	4.95	12.620000000000005	0.0
1411210715	4.95	12.5	0.0
1411210718	4.64	12.620000000000005	0.0
1411210721	4.35	12.519999999999996	0.0
1411210724	4.35	12.519999999999996	0.0
1411210727	4.08	12.620000000000005	0.0
1411210730	4.08	12.879999999999995	0.0
1411210733	3.83	12.620000000000005	0.0
1411210736	3.61	12.64	1.0
1411210739	3.61	12.519999999999996	0.0
1411210742	3.4	12.61	0.0
1411210745	3.4	12.61	0.0
1411210748	3.2	12.519999999999996	0.0
1411210751	3.03	12.620000000000005	0.0
1411210754	3.03	12.519999999999996	0.0
1411210757	2.87	12.39	0.0
1411210760	2.87	12.730000000000004	0.0
1411210763	2.72	12.64	0.0
1411210766	2.58	12.620000000000005	0.0
1411210769	2.58	12.519999999999996	0.0
1411210772	2.45	12.620000000000005	0.0
1411210775	2.45	12.519999999999996	0.0
1411210778	2.34	12.519999999999996	0.0
1411210781	2.23	12.75	0.0
1411210784	2.23	12.64	0.0
1411210787	2.13	12.519999999999996	0.0
1411210790	2.13	12.620000000000005	0.0
1411210793	2.04	12.519999999999996	0.0
1411210796	1.96	12.75	0.0
1411210799	1.96	12.5	0.0
1411210802	1.88	12.61	0.0
1411210805	1.88	12.5	0.0
1411210808	1.81	12.519999999999996	0.0
1411210811	1.75	12.620000000000005	0.0
1411210814	1.75	12.620000000000005	0.0
1411210817	1.69	12.61	0.0
1411210820	1.69	12.620000000000005	0.0
1411210823	1.63	12.620000000000005	0.0
1411210826	1.58	12.730000000000004	0.0
1411210829	1.58	12.620000000000005	0.0
1411210832	1.53	12.5	0.0
1411210835	1.53	12.519999999999996	0.0
1411210838	1.49	12.5	0.0
1411210841	1.45	12.75	0.0
1411210844	1.45	12.620000000000005	0.0
1411210847	1.42	12.519999999999996	0.0
1411210850	1.42	12.519999999999996	0.0
1411210853	1.38	12.620000000000005	0.0
1411210856	1.35	12.620000000000005	0.0
1411210859	1.35	12.5	0.0
1411210862	1.32	12.61	0.0
1411210865	1.32	12.519999999999996	0.0
1411210868	1.3	12.5	0.0
1411210871	1.27	12.620000000000005	0.0
1411210874	1.27	12.61	0.0
1411210877	1.25	12.730000000000004	0.0
1411210880	1.25	12.519999999999996	0.0
1411210884	1.23	12.519999999999996	0.0
1411210887	1.21	12.620000000000005	0.0
1411210890	1.21	12.620000000000005	0.0
1411210893	1.2	12.730000000000004	0.0
1411210896	1.2	12.61	0.0
1411210899	1.18	12.620000000000005	0.0
1411210902	1.17	12.730000000000004	0.0
1411210905	1.17	12.620000000000005	0.0
1411210908	1.15	12.620000000000005	0.0
1411210911	1.15	12.620000000000005	0.0
1411210914	1.14	12.519999999999996	0.0
1411210917	1.13	12.620000000000005	0.0
1411210920	1.13	12.5	0.0
1411210923	1.12	12.620000000000005	0.0
1411210926	1.12	12.61	0.0
1411210929	1.11	12.519999999999996	0.0
1411210932	1.1	12.61	0.0
1411210935	1.1	12.620000000000005	0.0
1411210938	1.09	12.620000000000005	0.0
1411210941	1.09	12.519999999999996	0.0
1411210944	1.09	12.61	0.0
1411210947	1.08	12.519999999999996	0.0
1411210950	1.08	12.519999999999996	0.0
1411210953	1.07	12.519999999999996	0.0
1411210956	1.07	12.620000000000005	0.0
1411210959	1.07	12.620000000000005	0.0
1411210962	1.06	12.64	0.0
1411210965	1.06	12.620000000000005	0.0
1411210968	1.06	12.620000000000005	0.0
1411210971	1.06	12.61	0.0
1411210974	1.05	12.620000000000005	0.0
1411210977	1.05	12.730000000000004	0.0
1411210980	1.05	12.620000000000005	0.0
1411210983	1.04	12.61	0.0
1411210986	1.04	12.5	0.0
1411210989	1.04	12.620000000000005	0.0
1411210992	1.04	12.620000000000005	0.0
1411210995	1.04	12.620000000000005	0.0
1411210998	1.03	12.61	0.0
1411211001	1.03	12.519999999999996	0.0
1411211004	1.03	12.620000000000005	0.0
1411211007	1.11	12.730000000000004	0.0
1411211010	1.11	12.5	0.0
1411211013	1.1	12.519999999999996	0.0
1411211016	1.1	12.5	0.0
1411211019	1.09	12.730000000000004	0.0
1411211022	1.08	12.519999999999996	0.0
1411211025	1.08	12.620000000000005	0.0
1411211028	1.08	12.5	0.0
1411211031	1.08	12.530000000000001	0.0
1411211034	1.07	12.519999999999996	0.0
1411211037	1.07	12.61	0.0
1411211040	1.07	12.620000000000005	0.0
1411211043	1.06	12.519999999999996	0.0
1411211046	1.06	12.519999999999996	0.0
1411211049	1.06	12.730000000000004	0.0
1411211052	1.05	12.61	0.0
1411211055	1.05	12.61	0.0
1411211058	1.05	12.61	0.0
1411211061	1.05	12.519999999999996	0.0
1411211064	1.04	12.75	0.0
1411211067	1.04	12.61	0.0
1411211070	1.04	12.61	0.0
1411211073	1.04	12.39	0.0
1411211076	1.04	12.519999999999996	0.0
1411211079	1.03	12.519999999999996	0.0
1411211082	1.03	12.519999999999996	0.0
1411211085	1.03	12.5	0.0
1411211088	1.03	12.730000000000004	0.0
1411211091	1.03	12.730000000000004	0.0
1411211094	1.03	12.620000000000005	0.0
1411211097	1.02	12.620000000000005	0.0
1411211100	1.02	12.620000000000005	0.0
1411211103	1.02	12.719999999999999	0.0
1411211106	1.02	12.840000000000003	0.0
1411211109	1.02	12.730000000000004	0.0
1411211112	1.02	12.519999999999996	0.0
1411211115	1.02	12.409999999999997	0.0
1411211118	1.02	12.620000000000005	0.0
1411211121	1.02	12.730000000000004	0.0
1411211124	1.02	12.75	0.0
1411211127	1.01	12.620000000000005	0.0
1411211130	1.01	12.620000000000005	0.0
1411211133	1.01	12.61	0.0
1411211136	1.01	12.519999999999996	0.0
1411211139	1.01	12.5	0.0
1411211142	1.01	12.620000000000005	0.0
1411211145	1.01	92.62	0.0
1411211148	1.57	89.49	2526.0
1411211151	1.57	92.62	2127.0
1411211154	2.17	95.74	2145.0
1411211157	2.71	98.62	2290.0
1411211160	2.71	99.25	2255.0
1411211163	3.22	97.0	2293.0
1411211166	3.22	99.37	2303.0
1411211169	3.68	99.63	2429.0
1411211172	4.11	98.75	2507.0
1411211175	4.11	98.75	2393.0
1411211178	4.5	98.63	2121.0
1411211181	4.5	98.62	2352.0
1411211184	4.86	99.25	2028.0
1411211187	5.19	99.0	2231.0
1411211190	5.19	99.12	2455.0
1411211193	5.5	97.88	2373.0
1411211196	5.5	99.0	2232.0
1411211199	5.78	99.0	2312.0
1411211202	6.03	99.25	2038.0
1411211205	6.03	99.12	2605.0
1411211208	6.27	98.5	2139.0
1411211211	6.27	98.88	2256.0
1411211214	6.49	99.13	2255.0
1411211217	6.69	99.12	2150.0
1411211220	6.69	99.0	2065.0
1411211223	6.88	97.75	2413.0
1411211226	6.88	99.0	2009.0
1411211229	7.05	62.5	2453.0
1411211232	6.96	62.55	2390.0
1411211235	6.96	62.53	2778.0
1411211238	6.88	62.62	2333.0
1411211241	6.88	62.62	2209.0
1411211244	6.81	61.38	2315.0
1411211247	6.75	62.58	2438.0
1411211250	6.75	62.45	2497.0
1411211253	6.69	62.5	2275.0
1411211256	6.69	62.45	2515.0
1411211259	6.63	62.38	2428.0
1411211262	6.58	62.55	2464.0
1411211265	6.58	62.45	2697.0
1411211268	6.54	62.62	2913.0
1411211271	6.54	62.59	3037.0
1411211274	6.49	62.75	2599.0
1411211277	6.45	58.15	2660.0
1411211280	6.45	50.19	2955.0
1411211283	6.34	49.94	3012.0
1411211286	6.34	50.06	3114.0
1411211289	6.23	50.12	3124.0
1411211292	6.13	50.06	3230.0
1411211295	6.13	50.06	3119.0
1411211298	6.04	49.75	3114.0
1411211301	6.04	49.75	2672.0
1411211304	5.96	48.69	3115.0
1411211307	5.88	50.0	3110.0
1411211310	5.88	50.19	3068.0
1411211313	5.81	50.0	3138.0
1411211316	5.81	50.12	3103.0
1411211319	5.75	49.31	3134.0
1411211322	5.69	50.0	3073.0
1411211325	5.69	50.12	3124.0
1411211328	5.63	50.19	3088.0
1411211331	5.63	50.0	3078.0
1411211334	5.58	50.94	2609.0
1411211337	5.45	31.379999999999995	2313.0
1411211340	5.45	33.25	2172.0
1411211343	5.26	25.120000000000005	2210.0
1411211346	5.26	25.120000000000005	2151.0
1411211349	5.0	26.060000000000002	2398.0
1411211352	4.76	25.120000000000005	1429.0
1411211355	4.76	25.590000000000003	2137.0
1411211358	4.54	12.730000000000004	2094.0
1411211361	4.54	12.840000000000003	2465.0
1411211364	4.25	12.730000000000004	2412.0
1411211367	3.99	12.620000000000005	2329.0
1411211370	3.99	13.36	2596.0
1411211373	3.75	12.620000000000005	1786.0
1411211376	3.75	12.730000000000004	2494.0
1411211379	3.53	12.730000000000004	2531.0
1411211382	3.33	0.25	0.0
1411211385	3.33	0.25	0.0
1411211388	3.06	0.0	0.0
1411211391	3.06	0.12000000000000455	2.0
1411211394	2.82	0.25	0.0
1411211397	2.59	0.12000000000000455	0.0
1411211400	2.59	0.0	0.0
